None
9223372036854775807       None
None
None
None
None
9223372036854775807       None
None
None
None
80       469 478 479; 477 470; 475 476 471; 472 473 474; 457 466 467; 465 458; 464 459 463; 460 461 462; 445 454 455; 453 446; 451 452 447; 448 449 450; 433 442 443; 441 434; 440 435 439; 436 437 438; 421 430 431; 429 422; 427 428 423; 424 425 426; 409 418 419; 417 410; 416 411 415; 412 413 414; 397 406 407; 405 398; 403 404 399; 400 401 402; 385 394 395; 393 386; 392 387 391; 388 389 390; 373 382 383; 381 374; 379 380 375; 376 377 378; 361 370 371; 369 362; 368 363 367; 364 365 366; 349 358 359; 357 350; 355 356 351; 352 353 354; 337 346 347; 345 338; 344 339 343; 340 341 342; 325 334 335; 333 326; 331 332 327; 328 329 330; 313 322 323; 321 314; 320 315 319; 316 317 318; 301 310 311; 309 302; 307 308 303; 304 305 306; 289 298 299; 297 290; 296 291 295; 292 293 294; 277 286 287; 285 278; 283 284 279; 280 281 282; 265 274 275; 273 266; 272 267 271; 268 269 270; 253 262 263; 261 254; 259 260 255; 256 257 258; 241 250 251; 249 242; 248 243 247; 244 245 246; 229 238 239; 237 230; 235 236 231; 232 233 234; 217 226 227; 225 218; 224 219 223; 220 221 222; 205 214 215; 213 206; 211 212 207; 208 209 210; 193 202 203; 201 194; 200 195 199; 196 197 198; 181 190 191; 189 182; 187 188 183; 184 185 186; 169 178 179; 177 170; 176 171 175; 172 173 174; 157 166 167; 165 158; 163 164 159; 160 161 162; 145 154 155; 153 146; 152 147 151; 148 149 150; 133 142 143; 141 134; 139 140 135; 136 137 138; 121 130 131; 129 122; 128 123 127; 124 125 126; 109 118 119; 117 110; 115 116 111; 112 113 114; 97 106 107; 105 98; 104 99 103; 100 101 102; 85 94 95; 93 86; 91 92 87; 88 89 90; 73 82 83; 81 74; 80 75 79; 76 77 78; 61 70 71; 69 62; 67 68 63; 64 65 66; 49 58 59; 57 50; 56 51 55; 52 53 54; 37 46 47; 45 38; 43 44 39; 40 41 42; 25 34 35; 33 26; 32 27 31; 28 29 30; 13 22 23; 21 14; 19 20 15; 16 17 18; 1 10 11; 9 2; 8 3 7; 4 5 6
None
210       13 189
None
None
None
9223372036854775807       None
None
None
None
None
11       2 3
None
38       64 65 66 67 60; 54 57 58 59; 26 31 32 33 34; 51 52 53; 43 44 45 46 28; 48 49 50 27 47; 40 41 42 29 39; 35 36 37 38 30; 1 6 7 8 9; 18 19 20 21 3; 24 25 2 22 23; 16 17 4 14 15; 10 11 12 13 5
None
55       None
None
None
None
None
None
0       343 344 345; 346 347 348 349; 336 337 338; 339 340 341 342; 329 330 331; 332 333 334 335; 322 323 324; 328 325 326 327; 320 321 318 319; 315 316 317; 308 309 310; 312 313 314 311; 301 302 303; 304 305 306 307; 294 295 296; 297 298 299 300; 288 289 287; 290 291 292 293; 280 281 282; 283 284 285 286; 273 274 275; 276 277 278 279; 266 267 268; 272 269 270 271; 259 260 261; 264 265 262 263; 256 257 258 255; 252 253 254; 245 246 247; 248 249 250 251; 238 239 240; 241 242 243 244; 231 232 233; 234 235 236 237; 224 225 226; 227 228 229 230; 217 218 219; 220 221 222 223; 210 211 212; 216 213 214 215; 203 204 205; 208 209 206 207; 196 197 198; 200 201 202 199; 192 193 194 195; 189 190 191; 182 183 184; 185 186 187 188; 175 176 177; 178 179 180 181; 168 169 170; 171 172 173 174; 161 162 163; 164 165 166 167; 160 157 158 159; 154 155 156; 147 148 149; 152 153 150 151; 140 141 142; 144 145 146 143; 133 134 135; 136 137 138 139; 128 126 127; 129 130 131 132; 119 120 121; 122 123 124 125; 112 113 114; 115 116 117 118; 105 106 107; 108 109 110 111; 98 99 100; 104 101 102 103; 96 97 94 95; 91 92 93; 84 85 86; 88 89 90 87; 77 78 79; 80 81 82 83; 70 71 72; 73 74 75 76; 64 65 63; 66 67 68 69; 56 57 58; 59 60 61 62; 49 50 51; 52 53 54 55; 42 43 44; 48 45 46 47; 35 36 37; 40 41 38 39; 32 33 34 31; 28 29 30; 21 22 23; 24 25 26 27; 14 15 16; 17 18 19 20; 7 8 9; 10 11 12 13; 0 1 2; 3 4 5 6
None
9223372036854775807       None
9223372036854775807       None
None
108       None
None
None
285       66 77 110; 225 276 120
None
None
None
0       0 1 2
99       74 22; 8 66 17
None
1       0 1
9223372036854775807       None
9223372036854775807       None
None
2       0 2 4
None
None
None
None
None
None
None
47       96 98 94 90 92; 81 83 87 89 85; 72 74 78 80 76; 65 69 71 67 63; 54 56 60 62 58; 45 46; 48 47; 51 52; 36 38 42 44 40; 49 50; 32 31; 27 28; 29 30; 33 34; 0 1; 11 12; 6 7
9223372036854775807       None
10       8 6
None
9223372036854775807       None
None
None
10       None
None
None
103       None
9223372036854775807       None
9223372036854775807       None
None
9223372036854775807       None
None
None
None
None
None
None
280       480 484 488 492 496; 460 464 468 472 476; 448 449 450 451; 452 453 454 455; 456 457 458 459; 444 445 446 447; 440 441 442 443; 420 421 422 423; 428 429 430 431; 424 425 426 427; 432 433 434 435; 436 437 438 439; 416 417 418 419; 404 405 406 407; 400 401 402 403; 408 409 410 411; 412 413 414 415; 384 388 392 396 380; 360 361 362 363; 368 369 370 371; 372 373 374 375; 364 365 366 367; 376 377 378 379; 352 356 340 344 348; 320 321 322 323; 328 329 330 331; 332 333 334 335; 324 325 326 327; 336 337 338 339; 300 301 302 303; 308 309 310 311; 304 305 306 307; 312 313 314 315; 316 317 318 319; 288 292 296 280 284; 260 264 268 272 276; 256 240 244 248 252; 224 228 232 236 220; 200 201 202 203; 208 209 210 211; 204 205 206 207; 216 217 218 219; 212 213 214 215; 192 196 180 184 188; 160 161 162 163; 168 169 170 171; 172 173 174 175; 164 165 166 167; 176 177 178 179; 140 141 142 143; 148 149 150 151; 144 145 146 147; 152 153 154 155; 156 157 158 159; 128 132 136 120 124; 100 104 108 112 116; 96 80 84 88 92; 64 68 72 76 60; 40 41 42 43; 48 49 50 51; 44 45 46 47; 56 57 58 59; 52 53 54 55; 32 36 20 24 28; 0 1 2 3; 8 9 10 11; 12 13 14 15; 4 5 6 7; 16 17 18 19
6       3 5; 0 9
None
None
55       None
42       496 497 495; 0 1 2; 3 4 5; 9 10 11; 6 7 8; 18 19 20; 12 13 14; 24 25 26 28; 30 31 32; 36 37 38; 33 34 35; 40 41 39; 42 43 44; 45 46 47; 48 49 50 52; 54 55 56; 60 61 62; 57 58 59; 63 64 65; 66 67 68; 69 70 71; 72 73 74; 78 79 80; 84 85 86; 90 91 92; 88 89 87; 93 94 95; 99 100 101; 96 97 98; 102 103 104; 105 106 107; 108 109 110; 111 112 113; 117 118 119; 114 115 116; 120 121 122; 123 124 125; 126 127 128; 129 130 131; 135 136 137; 132 133 134; 138 139 140; 141 142 143; 144 145 146; 147 148 149; 156 157 158; 150 151 152; 162 163 164; 168 169 170 172; 174 175 176; 183 184 185; 180 181 182; 186 187 188; 189 190 191; 192 193 194; 198 199 200; 201 202 203; 207 208 209; 204 205 206; 210 211 212; 213 214 215; 216 217 218; 222 223 224; 228 229 230; 225 226 227; 231 232 233; 234 235 236; 237 238 239; 240 241 242; 246 247 248; 252 253 254; 249 250 251; 255 256 257; 258 259 260; 261 262 263; 264 265 266 268; 270 271 272; 276 277 278 280; 282 283 284; 288 289 290; 285 286 287; 291 292 293; 294 295 296; 297 298 299; 300 301 302; 306 307 308 310; 312 313 314 316; 324 325 326; 330 331 332; 318 319 320; 333 334 335; 336 337 338; 339 340 341; 342 343 344; 348 349 350; 354 355 356; 360 361 362; 366 367 368; 372 373 374; 378 379 380; 376 377 375; 381 382 383; 384 385 386 388; 390 391 392; 393 394 395; 402 403 404 406; 396 397 398; 408 409 410; 414 415 416; 411 412 413; 417 418 419; 420 421 422; 424 425 423; 426 427 428 430; 432 433 434 436; 438 439 440 442; 447 448 449; 453 454 455; 444 445 446; 450 451 452; 462 463 464; 456 457 458; 468 469 470; 465 466 467; 480 481 482; 483 484 485; 492 493 494; 486 487 488; 489 490 491; 474 475 476 478; 472 473 471; 400 401 399; 459 460 461; 369 370 371; 363 364 365; 357 358 359; 352 353 351; 345 346 347; 328 329 327; 321 322 323; 304 305 303; 273 274 275; 243 244 245; 219 220 221; 195 196 197; 177 178 179; 165 166 167; 160 161 159; 153 154 155; 81 82 83; 75 76 77; 21 22 23; 16 17 15
None
None
None
None
None
12       None
100       225 230 231 232 233; 240 241 227 238 239; 226 234 235 236 237; 242 243 244 245 228; 248 249 229 246 247; 200 205 206 207 208; 216 202 213 214 215; 201 209 210 211 212; 217 218 219 220 203; 224 204 221 222 223; 175 180 181 182 183; 177 188 189 190 191; 176 184 185 186 187; 192 193 194 195 178; 179 196 197 198 199; 150 151 152 153 154; 128 129 125 126 127; 100 105 106 107 108; 111 112 101 109 110; 113 114 115 116 102; 104 121 122 123 124; 119 120 103 117 118; 75 76 77 78 79; 50 51 52 53 54; 25 26 27 28 29; 0 5 6 7 8; 16 2 13 14 15; 1 9 10 11 12; 24 4 21 22 23; 17 18 19 20 3
267       0 51 121 31; 490 162 262 47; 448 385 250 130; 218 299 355 117; 163 5 222 415; 298 403 186 436; 233 170 7 358; 171 396 351 340; 104 291 145 341; 168 187 465 247; 486 432 13 14; 176 193 356 493; 144 455 49 99; 312 148 152; 240 68 2; 386 174 92 203; 26 374 196; 466 238 210 175; 257 241 395 62; 290 114 318 27; 364 149 343 278; 24 468 410 164; 98 107 460 487; 457 234 439 324; 488 137 310 221; 305 246 18; 83 419 437; 416 214 281 101; 57 239 322 34; 313 22 213 139; 128 169 76 35; 408 151 208 348; 304 10 331 184; 471 327 135 54; 377 134 285; 361 398 63 301; 153 342 146; 89 366 180 159; 160 413 427 401; 330 462 131; 288 95 484 60; 202 245 207; 496 167 106 226; 320 242 120 243; 209 212 133 181; 435 339 325 20; 265 422 381 91; 266 229 268 211; 392 317 442 428; 39 434 103 126; 81 421 111 387; 345 373 365 497; 256 125 293 3; 449 197 38 389; 369 282 12 470; 271 311 371 173; 264 383 85 295; 201 375 194; 481 77 424; 82 388 6 263; 178 495 46 405
9223372036854775807       None
0       0 1 2 3 4
None
45       480 485 486 487; 482 491 492 493; 488 489 490 481; 496 483 494 495; 497 498 499 484; 460 461 462 463 464; 451 452 453 442; 448 449 450 441; 457 458 459 444; 454 455 456 443; 440 445 446 447; 420 425 426 427; 432 433 422 431; 428 429 430 421; 434 435 436 423; 424 437 438 439; 416 403 414 415; 417 418 419 404; 400 405 406 407; 402 411 412 413; 408 409 410 401; 384 397 398 399; 388 389 390 381; 385 386 387 380; 392 393 382 391; 394 395 396 383; 360 365 366 367; 362 371 372 373; 368 369 370 361; 376 363 374 375; 377 378 379 364; 352 353 342 351; 354 355 356 343; 357 358 359 344; 348 349 350 341; 340 345 346 347; 320 325 326 327; 322 331 332 333; 328 329 330 321; 336 323 334 335; 337 338 339 324; 300 301 302 303 304; 291 292 293 282; 288 289 290 281; 297 298 299 284; 294 295 296 283; 280 285 286 287; 260 265 266 267; 272 273 262 271; 268 269 270 261; 274 275 276 263; 264 277 278 279; 256 243 254 255; 257 258 259 244; 240 245 246 247; 242 251 252 253; 248 249 250 241; 224 237 238 239; 228 229 230 221; 225 226 227 220; 232 233 222 231; 234 235 236 223; 200 205 206 207; 202 211 212 213; 208 209 210 201; 216 203 214 215; 217 218 219 204; 192 193 182 191; 194 195 196 183; 197 198 199 184; 188 189 190 181; 180 185 186 187; 160 165 166 167; 162 171 172 173; 168 169 170 161; 176 163 174 175; 177 178 179 164; 140 141 142 143 144; 131 132 133 122; 128 129 130 121; 137 138 139 124; 134 135 136 123; 120 125 126 127; 100 105 106 107; 112 113 102 111; 108 109 110 101; 114 115 116 103; 104 117 118 119; 96 83 94 95; 97 98 99 84; 80 85 86 87; 82 91 92 93; 88 89 90 81; 64 77 78 79; 68 69 70 61; 65 66 67 60; 72 73 62 71; 74 75 76 63; 40 45 46 47; 42 51 52 53; 48 49 50 41; 56 43 54 55; 57 58 59 44; 32 33 22 31; 34 35 36 23; 37 38 39 24; 28 29 30 21; 20 25 26 27; 0 5 6 7; 2 11 12 13; 8 9 10 1; 16 3 14 15; 17 18 19 4
None
54       192 193 47 191; 188 189 190 46; 45 185 186 187; 42 43 44; 39 40 41; 160 36 158 159; 161 162 163 37; 164 165 166 38; 33 34 35; 32 146 147 148; 140 141 142 30; 131 132 133 27; 144 145 31 143; 134 135 136 28; 137 138 139 29; 26 24 25; 116 117 118 22; 104 105 106 18; 113 114 115 21; 120 121 23 119; 107 108 109 19; 110 111 112 20; 98 99 100 16; 96 97 15 95; 101 102 103 17; 12 13 14; 9 10 11; 68 69 70 6; 8 74 75 76; 64 4 62 63; 72 73 7 71; 65 66 67 5; 0 50 51 52; 3 59 60 61; 197 198 199 49; 194 195 196 48; 56 57 58 2; 1 53 54 55
None
None
None
None
9223372036854775807       None
9223372036854775807       None
None
None
167       None
9223372036854775807       None
None
None
None
9223372036854775807       None
None
None
None
None
None
None
9223372036854775807       None
None
None
9223372036854775807       None
199       0 1 2 3 4
None
None
9223372036854775807       None
None
None
None
None
141       74 22; 8 66 17
None
None
None
None
None
None
9223372036854775807       None
None
None
None
9223372036854775807       None
2       0 8 9 10 7; 11 12 13 14 15; 2 3 4 5 6; 16 17 18 19 20
None
2       None
None
None
9223372036854775807       None
None
9223372036854775807       None
0       0 1
9223372036854775807       None
None
9223372036854775807       None
None
None
None
None
103       74 22; 8 66 17; 10 15
None
None
None
6       0 1; 10 11; 8 5 6 7; 12 13
None
None
None
None
190       74 22; 8 66 17
None
9223372036854775807       None
9223372036854775807       None
None
None
None
None
None
59       2 3; 1 4
None
None
None
None
None
54       2 3; 1 4
9223372036854775807       None
None
None
None
9223372036854775807       None
None
None
None
9223372036854775807       None
None
None
9223372036854775807       None
None
None
None
None
9223372036854775807       None
None
9223372036854775807       None
14       3 4 5; 1 2
None
119       24 101; 96 67 110
None
9223372036854775807       None
9223372036854775807       None
None
9223372036854775807       None
None
None
196       0 5 6 7 8; 16 2 13 14 15; 1 9 10 11 12; 17 18 19 20 3; 24 4 21 22 23; 25 30 31 32 33; 40 41 27 38 39; 26 34 35 36 37; 42 43 44 45 28; 48 49 29 46 47; 50 55 56 57 58; 64 65 66 52 63; 51 59 60 61 62; 67 68 69 70 53; 72 73 74 54 71; 75 76 77 78 79; 100 105 106 107 108; 113 114 115 116 102; 119 120 103 117 118; 111 112 101 109 110; 104 121 122 123 124; 128 142 143 144 145; 130 131 132 133 125; 129 146 147 148 149; 135 136 137 126 134; 138 139 140 141 127; 150 151 152 153 154; 175 176 177 178 179; 200 201 202 203 204; 225 230 231 232 233; 240 241 227 238 239; 226 234 235 236 237; 248 249 229 246 247; 242 243 244 245 228; 256 257 258 250 255; 259 260 261 262 251; 263 264 265 266 252; 267 268 269 270 253; 271 272 273 274 254; 275 280 281 282 283; 288 289 290 291 277; 287 276 284 285 286; 295 278 292 293 294; 296 297 298 299 279; 300 301 302 303 304; 325 330 331 332 333; 338 339 340 341 327; 328 342 343 344 345; 335 336 337 326 334; 329 346 347 348 349; 350 355 356 357 358; 352 363 364 365 366; 359 360 361 362 351; 368 369 370 353 367; 354 371 372 373 374; 384 385 386 387 376; 388 389 390 391 377; 392 393 394 395 378; 396 397 398 399 379; 375 380 381 382 383; 487 476 484 485 486; 450 455 456 457 458; 472 473 474 454 471; 495 478 492 493 494
None
9223372036854775807       None
None
9223372036854775807       None
None
None
None
20       108 109 114 115; 110 119; 111 112 117 118; 96 97 102 103; 98 107; 99 100 105 106; 84 85 90 91; 86 95; 87 88 93 94; 72 73 78 79; 74 83; 75 76 81 82; 64 69 70 63; 66 67 60 61; 62 71; 48 49 54 55; 50 59; 51 52 57 58; 36 37 42 43; 38 47; 39 40 45 46; 33 34 27 28; 35 26; 24 25 30 31; 12 13 18 19; 14 23; 15 16 21 22; 0 1 6 7; 2 11; 3 4 9 10
None
99       74 22; 8 66 17
20       28 7; 25 14 19; 4 17 24; 11 16 12 22 26
None
9223372036854775807       None
48       0 1; 49 5
None
9223372036854775807       None
9223372036854775807       None
9223372036854775807       None
0       248 364 287 311 370; 424 238 258 319 460; 394 298 318 219 381; 344 316 422 268 218; 288 202 351 299 449; 200 414 312 427; 185 198 261 206 337; 379 244 380 174 413; 170 411 455 315 253; 160 403 322 333 171; 432 292 291 183 148; 177 369 143 269 396; 136 366 433 430 144; 339 132 140 196 332; 279 130 205 246 221; 128 151 271 127 397; 303 407 255 126 439; 121 190 459 447 265; 120 451 285 440 444; 239 245 386 399 119; 161 273 428 118 254; 289 345 275 117 180; 208 409 217 116 361; 112 199 421 167 243; 395 237 156 267 109; 329 111 290 108 330; 106 310 251 301 434; 152 102 250 286 252; 89 388 302 347 166; 88 463 390 314 158; 256 100 295 391 85; 240 181 84 125 172; 82 382 179 114 139; 81 326 182 129 419; 431 124 225 191 79; 338 197 461 186 78; 210 442 436 194 75; 224 400 74 92 355; 72 260 377 77 320; 113 308 398 71 76; 227 70 341 188 284; 131 212 334 69 325; 376 98 393 412 67; 65 169 162 68 340; 64 278 373 445 458; 368 372 378 263 63; 142 357 97 55 294; 282 236 343 58 54; 304 450 53 215 150; 360 423 213 50 234; 48 389 87 416 426; 415 296 99 418 47; 103 45 105 223 94; 336 371 242 138 44; 328 173 43 277 441; 184 42 60 146 193; 41 383 73 350 209; 40 453 159 165 216; 230 349 39 241 342; 392 404 36 178 211; 408 61 35 57 233; 32 280 270 266 358; 249 346 147 122 31; 384 307 168 235 30; 104 425 29 228 309; 353 37 28 155 300; 192 27 62 46 401; 33 374 34 26 438; 25 203 133 348 220; 24 232 137 149 306; 214 417 356 22 231; 297 134 257 21 115; 410 123 20 293 259; 56 19 335 51 323; 80 49 59 402 18; 96 272 189 17 420; 16 141 83 457 365; 352 405 164 153 15; 305 435 14 354 135; 90 38 13 327 91; 456 12 443 406 367; 11 262 157 454 363; 10 66 110 23 226; 9 86 229 452 154; 8 207 375 264 276; 176 331 7 362 437; 247 175 387 6 95; 448 107 462 5 52; 321 204 187 359 4; 201 145 446 3 101; 313 281 317 2 429; 1 93 222 385 195; 0 324 274 163 283
None
500       None
None
None
None
None
9223372036854775807       None
None
None
5       0 1 2 3 4
None
0       408 454 423 440 378; 368 414; 385 323 446 491 308; 321 451 422 363 303; 280 336 453 270 427; 264 377 281 478 488; 439 246 426 436 383; 253 496 239 461 437; 352 381 485 433 227; 248 353 220 444 305; 384 357 450 207 332; 464 398 370 217 204; 256 412 215 225 203; 312 272 471 348 202; 304 401 367 317 201; 232 289 177 486 265; 170 309 358 182 252; 226 284 380 159 462; 154 163 173 467 181; 475 405 262 148 189; 200 288 147 209 268; 290 211 429 310 140; 224 242 421 276 137; 185 167 483 133 354; 416 129 258 259 223; 128 341 362 460 470; 144 131 430 237 126; 369 476 275 122 116; 112 344 266 406 123; 274 110 403 134 229; 166 109 254 143 402; 151 466 333 108 479; 257 106 420 434 235; 104 243 180 102 331; 480 392 214 324 100; 231 99 199 326 125; 328 136 494 97 322; 495 283 150 95 373; 234 91 149 299 155; 286 87 278 132 372; 193 356 428 335 85; 456 457 386 359 81; 192 117 77 157 366; 472 445 342 371 76; 119 75 391 86 459; 74 165 195 111 334; 71 388 404 70 319; 79 399 69 425 431; 152 313 120 458 68; 80 279 161 67 121; 473 145 66 389 139; 65 267 347 135 285; 160 396 238 196 62; 424 245 61 291 382; 320 271 418 141 60; 73 419 58 190 244; 168 340 130 263 57; 56 93 96 124 409; 127 260 55 345 187; 400 54 455 484 107; 249 98 53 395 314; 240 318 442 179 50; 49 52 142 153 156; 191 206 301 47 84; 184 176 46 92 269; 361 337 306 186 44; 376 45 43 449 230; 360 236 171 41 59; 40 216 219 481 435; 241 441 89 162 38; 261 492 37 390 78; 208 36 233 287 198; 175 213 34 311 222; 33 297 210 105 273; 32 307 250 82 64; 393 30 487 51 339; 415 327 29 113 343; 26 300 477 482 387; 24 364 468 172 463; 329 23 292 302 146; 394 490 197 21 438; 83 293 20 255 101; 18 42 315 35 218; 432 94 17 194 493; 16 411 247 489 350; 39 325 413 15 27; 22 298 14 379 407; 90 12 31 469 374; 417 397 63 169 11; 88 221 174 118 10; 375 9 338 443 351; 8 452 277 188 349; 295 25 72 282 7; 410 251 178 6 294; 474 5 158 164 103; 330 183 19 346 4; 448 465 365 3 138; 296 2 228 28 355; 48 1 114 447 205; 0 13 115 212 316
9223372036854775807       None
9223372036854775807       None
None
None
None
None
9223372036854775807       None
None
None
4       0 253; 397 398 399; 394 395 396; 388 389 390; 392 393 391; 385 386 387; 384 382 383; 379 380 381; 373 374 375; 376 377 378; 370 371 372; 368 369 367; 364 365 366; 361 362 363; 360 358 359; 355 356 357; 352 353 354; 349 350 351; 346 347 348; 344 345 343; 340 341 342; 337 338 339; 336 334 335; 331 332 333; 328 329 330; 325 326 327; 322 323 324; 320 321 319; 316 317 318; 313 314 315; 312 310 311; 307 308 309; 304 305 306; 301 302 303; 298 299 300; 296 297 295; 292 293 294; 289 290 291; 288 286 287; 283 284 285; 280 281 282; 277 278 279; 274 275 276; 272 273 271; 268 269 270; 265 266 267; 264 262 263; 259 260 261; 256 257 258; 248 249 247; 250 251 252; 244 245 246; 241 242 243; 240 238 239; 235 236 237; 232 233 234; 229 230 231; 226 227 228; 224 225 223; 220 221 222; 217 218 219; 216 214 215; 211 212 213; 208 209 210; 205 206 207; 202 203 204; 200 201 199; 196 197 198; 193 194 195; 192 190 191; 187 188 189; 184 185 186; 181 182 183; 178 179 180; 176 177 175; 172 173 174; 169 170 171; 168 166 167; 163 164 165; 160 161 162; 157 158 159; 154 155 156; 152 153 151; 148 149 150; 145 146 147; 144 142 143; 139 140 141; 136 137 138; 133 134 135; 130 131 132; 128 129 127; 124 125 126; 121 122 123; 120 118 119; 115 116 117; 112 113 114; 109 110 111; 106 107 108; 104 105 103; 100 101 102; 97 98 99; 96 94 95; 91 92 93; 88 89 90; 85 86 87; 82 83 84; 80 81 79; 76 77 78; 73 74 75; 72 70 71; 67 68 69; 64 65 66; 61 62 63; 58 59 60; 56 57 55; 52 53 54; 49 50 51; 48 46 47; 43 44 45; 40 41 42; 37 38 39; 34 35 36; 32 33 31; 28 29 30; 25 26 27; 24 22 23; 19 20 21; 16 17 18; 13 14 15; 10 11 12; 8 9 7; 4 5 6; 1 2 3
None
None
None
9223372036854775807       None
13       None
98       9 12 3 59 10
None
11       None
None
None
None
None
None
None
None
None
0       0 5 6; 9 10 2; 8 1 7; 3 11 12; 4 13 14
None
None
None
None
2       None
15       0 4 8 12 16; 20 21 22 23; 28 29 30 31; 32 33 34 35; 24 25 26 27; 40 41 42 43; 36 37 38 39; 44 45 46 47; 48 49 50 51; 56 57 58 59; 52 53 54 55; 60 61 62 63; 64 65 66 67; 72 73 74 75; 68 69 70 71; 76 77 78 79; 80 81 82 83; 88 89 90 91; 84 85 86 87; 92 93 94 95; 96 97 98 99; 104 105 106 107; 100 101 102 103; 108 109 110 111; 112 113 114 115; 120 121 122 123; 116 117 118 119; 124 125 126 127; 128 129 130 131; 136 137 138 139; 132 133 134 135; 140 141 142 143; 144 145 146 147; 152 153 154 155; 148 149 150 151; 156 157 158 159; 160 161 162 163; 168 169 170 171; 164 165 166 167; 172 173 174 175; 176 177 178 179; 184 185 186 187; 180 181 182 183; 188 189 190 191; 192 193 194 195; 200 201 202 203; 196 197 198 199; 204 205 206 207; 208 209 210 211; 216 217 218 219; 212 213 214 215; 220 221 222 223; 224 225 226 227; 232 233 234 235; 228 229 230 231; 236 237 238 239; 240 241 242 243; 248 249 250 251; 244 245 246 247; 252 253 254 255; 256 257 258 259; 264 265 266 267; 260 261 262 263; 268 269 270 271; 272 273 274 275; 280 281 282 283; 276 277 278 279; 284 285 286 287; 288 289 290 291; 296 297 298 299; 292 293 294 295; 300 301 302 303; 304 305 306 307; 312 313 314 315; 308 309 310 311; 316 317 318 319; 320 321 322 323; 328 329 330 331; 324 325 326 327; 332 333 334 335; 336 337 338 339; 344 345 346 347; 340 341 342 343; 348 349 350 351; 352 353 354 355; 360 361 362 363; 356 357 358 359; 364 365 366 367; 368 369 370 371; 376 377 378 379; 372 373 374 375; 380 381 382 383; 384 385 386 387; 392 393 394 395; 388 389 390 391; 396 397 398 399; 400 401 402 403; 408 409 410 411; 404 405 406 407; 412 413 414 415; 416 417 418 419; 424 425 426 427; 420 421 422 423; 428 429 430 431; 432 433 434 435; 440 441 442 443; 436 437 438 439; 444 445 446 447; 448 449 450 451; 456 457 458 459; 452 453 454 455; 460 461 462 463; 464 465 466 467; 468 469 470 471; 472 473 474 475; 476 477 478 479
None
None
501       None
None
None
None
8       0 9
None
None
None
79       0 76 92 80; 7 77 73 18 45; 15 16 66 72; 23 89 43 68; 83 55; 39 85 27; 8 34 88
None
None
None
602       None
0       0 1 2; 3 4 5 6 7
None
None
195       397 245; 398 246; 399 247; 395 241; 394 240; 396 242; 392 236; 391 235; 393 237; 389 231; 388 230; 390 232; 225 385; 227 387; 226 386; 382 220; 384 222; 221 383; 215 379; 217 381; 216 380; 210 211 212 213 214; 205 373; 374 206; 200 370; 375 207; 202 372; 201 371; 195 367; 369 197; 368 196; 192 366; 365 191; 364 190; 361 185; 362 186; 363 187; 359 181; 358 180; 360 182; 356 176; 355 175; 357 177; 353 171; 352 170; 354 172; 165 349; 351 167; 166 350; 160 346; 162 348; 161 347; 343 155; 344 156; 345 157; 341 151; 340 150; 342 152; 145 337; 147 339; 146 338; 140 334; 336 142; 141 335; 135 331; 137 333; 136 332; 130 131 132 133 134; 125 325; 126 326; 322 120; 327 127; 323 121; 324 122; 321 117; 320 116; 115 319; 110 316; 112 318; 317 111; 105 106 107 108 109; 100 101 102 103 104; 96 308; 307 95; 304 90; 97 309; 305 91; 306 92; 302 86; 301 85; 303 87; 299 81; 298 80; 300 82; 296 76; 295 75; 297 77; 293 71; 292 70; 294 72; 65 289; 67 291; 66 290; 286 60; 288 62; 61 287; 55 283; 57 285; 56 284; 50 51 52 53 54; 45 277; 278 46; 40 274; 279 47; 42 276; 41 275; 35 271; 273 37; 272 36; 32 270; 269 31; 268 30; 265 25; 266 26; 267 27; 263 21; 262 20; 264 22; 260 16; 259 15; 261 17; 257 11; 256 10; 258 12; 5 253; 255 7; 6 254; 0 250; 2 252; 1 251
None
None
None
195       160 173 182 189; 27 21 190; 108 77 181
None
None
None
9223372036854775807       None
206       None
9223372036854775807       None
None
0       0 1 2; 9 11 10; 12 14 13; 8 7 6; 3 5 4
9223372036854775807       None
9223372036854775807       None
300       288 289 290 286 287; 314 294 284 304; 291 281 301 311; 292 282 302 312; 293 283 303 313; 295 285 305 315; 261 271 251 241; 248 249 250 246 247; 262 272 252 242; 263 273 253 243; 264 274 254 244; 265 275 255 245; 224 234 214 204; 208 209 210 206 207; 225 235 215 205; 231 211 201 221; 232 212 202 222; 233 213 203 223; 192 172 162 182; 168 169 170 166 167; 161 181 191 171; 184 194 174 164; 193 173 163 183; 185 195 175 165; 128 129 130 126 127; 154 134 124 144; 131 121 141 151; 132 122 142 152; 133 123 143 153; 135 125 145 155; 101 111 91 81; 88 89 90 86 87; 102 112 92 82; 103 113 93 83; 104 114 94 84; 105 115 95 85; 64 74 54 44; 48 49 50 46 47; 65 75 55 45; 71 51 41 61; 72 52 42 62; 73 53 43 63; 32 12 2 22; 8 9 10 6 7; 1 21 31 11; 24 34 14 4; 33 13 3 23; 25 35 15 5
None
None
None
None
105       74 22; 8 66 17
None
None
None
None
9223372036854775807       None
None
None
None
9223372036854775807       None
None
None
9223372036854775807       None
None
306       232 237 238 239; 234 243 244 245; 240 241 242 233; 248 235 246 247; 249 250 251 236; 256 252 253 254 255; 224 225 221 222 223; 257 258 259 260 261; 201 206 207 208; 226 227 228 229 230; 203 212 213 214; 209 210 211 202; 216 217 204 215; 218 219 220 205; 192 196 195 190; 173 174 175; 193 194; 184 185 186 181 182; 168 169 170 171 172; 160 156 157 158 159; 177 178; 152 153 154 155 151; 136 137 138 139 140; 146 147 148 149 150; 134 135; 144 145 141 142 143; 132 133; 129 130 131; 128 126 127; 114 115 116 117 118; 104 105 106 107 108; 96 99; 112 113 109 110 111; 92 93; 88 89 87; 90 91; 84 85 86; 72 73 74 75 76; 64 65 66 62 63; 52 53 54 55 56; 67 68 69 70 71; 50 51; 57 58 59 60 61; 48 49; 45 46 47; 42 43 44; 32 39 38; 24 20 21 22 23; 40 33 41; 25 26 27 28 29; 10 11 12 13 14; 8 9; 16 17 18 19 15; 6 7; 3 4 5; 0 1 2
None
None
None
9223372036854775807       None
None
9223372036854775807       None
None
25       None
94       84 21
None
None
None
None
None
9223372036854775807       None
None
9223372036854775807       None
106       0 2 6 14 99
None
None
None
None
None
0       120 134 90 113 198; 183 122 88 117 87; 168 161 78 199 81; 74 123 132 124 202; 66 163; 56 188 114 196 93; 190 52 118 157 86; 112 160 89 50 55; 48 60 186 173 136; 128 95 119 177 44; 126 174 43 79 166; 130 67 68 59 39; 201 45 180 38 158; 64 189 63 37 103; 35 125 47 155 75; 34 42 197 164 205; 33 92 31 194 108; 152 65 82 51 29; 191 49 27 70 71; 184 80 25 145 110; 24 138 61 83 181; 150 72 91 23 206; 169 178 20 172 187; 19 107 151 204 46; 192 101 18 127 137; 200 17 203 142 131; 16 40 179 195 99; 144 176 15 116 148; 121 133 170 109 14; 32 57 13 182 175; 96 12 167 11 147; 97 10 21 171 159; 9 153 149 146 84; 8 129 135 58 139; 104 100 36 115 7; 54 193 6 41 94; 185 5 162 53 26; 106 4 62 30 28; 105 76 77 3 98; 73 154 2 143 85; 22 1 111 141 69; 0 165 102 140 156
None
None
159       None
None
None
9223372036854775807       None
0       480 497 498 499; 496 481 494 495; 482 491 492 493; 488 489 490 483; 484 485 486 487; 460 477 478 479; 474 475 476 461; 472 473 462 471; 468 469 470 463; 464 465 466 467; 440 457 458 459; 456 441 454 455; 442 451 452 453; 448 449 450 443; 444 445 446 447; 420 437 438 439; 434 435 436 421; 432 433 422 431; 428 429 430 423; 424 425 426 427; 400 417 418 419; 416 401 414 415; 402 411 412 413; 408 409 410 403; 404 405 406 407; 380 397 398 399; 394 395 396 381; 392 393 382 391; 388 389 390 383; 384 385 386 387; 360 377 378 379; 376 361 374 375; 362 371 372 373; 368 369 370 363; 364 365 366 367; 340 357 358 359; 354 355 356 341; 352 353 342 351; 348 349 350 343; 344 345 346 347; 320 337 338 339; 336 321 334 335; 322 331 332 333; 328 329 330 323; 324 325 326 327; 300 317 318 319; 314 315 316 301; 312 313 302 311; 308 309 310 303; 304 305 306 307; 280 297 298 299; 296 281 294 295; 282 291 292 293; 288 289 290 283; 284 285 286 287; 260 277 278 279; 274 275 276 261; 272 273 262 271; 268 269 270 263; 264 265 266 267; 240 257 258 259; 256 241 254 255; 242 251 252 253; 248 249 250 243; 244 245 246 247; 220 237 238 239; 234 235 236 221; 232 233 222 231; 228 229 230 223; 224 225 226 227; 200 217 218 219; 216 201 214 215; 202 211 212 213; 208 209 210 203; 204 205 206 207; 180 197 198 199; 194 195 196 181; 192 193 182 191; 188 189 190 183; 184 185 186 187; 160 177 178 179; 176 161 174 175; 162 171 172 173; 168 169 170 163; 164 165 166 167; 140 157 158 159; 154 155 156 141; 152 153 142 151; 148 149 150 143; 144 145 146 147; 120 137 138 139; 136 121 134 135; 122 131 132 133; 128 129 130 123; 124 125 126 127; 100 117 118 119; 114 115 116 101; 112 113 102 111; 108 109 110 103; 104 105 106 107; 80 97 98 99; 96 81 94 95; 82 91 92 93; 88 89 90 83; 84 85 86 87; 60 77 78 79; 74 75 76 61; 72 73 62 71; 68 69 70 63; 64 65 66 67; 40 57 58 59; 56 41 54 55; 42 51 52 53; 48 49 50 43; 44 45 46 47; 20 37 38 39; 34 35 36 21; 32 33 22 31; 28 29 30 23; 24 25 26 27; 0 17 18 19; 16 1 14 15; 2 11 12 13; 8 9 10 3; 4 5 6 7
None
155       480 485 490 495; 497 482 487 492; 496 481 486 491; 488 493 498 483; 489 494 499 484; 460 461 462 463 464; 449 454 459 444; 448 453 458 443; 451 456 441 446; 450 455 440 445; 452 457 442 447; 420 425 430 435; 432 437 422 427; 426 431 436 421; 433 438 423 428; 424 429 434 439; 416 401 406 411; 417 402 407 412; 418 403 408 413; 419 404 409 414; 400 405 410 415; 384 380 381 382 383; 360 361 362 363 364; 353 358 343 348; 354 359 344 349; 355 340 345 350; 352 357 342 347; 356 341 346 351; 320 321 322 323 324; 300 305 310 315; 312 317 302 307; 313 318 303 308; 306 311 316 301; 304 309 314 319; 288 293 298 283; 289 294 299 284; 290 295 280 285; 291 296 281 286; 292 297 282 287; 260 265 270 275; 272 277 262 267; 266 271 276 261; 273 278 263 268; 264 269 274 279; 256 241 246 251; 257 242 247 252; 258 243 248 253; 259 244 249 254; 240 245 250 255; 224 220 221 222 223; 200 201 202 203 204; 193 198 183 188; 194 199 184 189; 195 180 185 190; 192 197 182 187; 196 181 186 191; 160 161 162 163 164; 140 145 150 155; 152 157 142 147; 153 158 143 148; 146 151 156 141; 144 149 154 159; 128 133 138 123; 129 134 139 124; 130 135 120 125; 131 136 121 126; 132 137 122 127; 100 105 110 115; 112 117 102 107; 106 111 116 101; 113 118 103 108; 104 109 114 119; 96 81 86 91; 97 82 87 92; 98 83 88 93; 99 84 89 94; 80 85 90 95; 64 60 61 62 63; 40 41 42 43 44; 33 38 23 28; 34 39 24 29; 35 20 25 30; 32 37 22 27; 8 13 18 3; 16 1 6 11
9223372036854775807       None
None
9223372036854775807       None
None
None
None
9223372036854775807       None
None
None
None
None
None
104       74 22; 8 66 17
None
None
None
None
409       72 182 167
3       None
None
None
9223372036854775807       None
2       0 5 6 7; 8 9 10 3 4; 2 11 12 13 14
None
9223372036854775807       None
None
None
9223372036854775807       None
None
None
None
None
None
None
775       None
None
3       2 3
None
None
None
9223372036854775807       None
9223372036854775807       None
None
None
None
0       0 1
None
None
None
None
None
None
9223372036854775807       None
None
None
None
None
None
9223372036854775807       None
None
9223372036854775807       None
None
9223372036854775807       None
None
None
None
None
None
None
9223372036854775807       None
9223372036854775807       None
9223372036854775807       None
None
9223372036854775807       None
9223372036854775807       None
None
None
None
None
9223372036854775807       None
None
None
None
None
344       492 493 494 495 496; 497 498 499; 490 491; 488 489; 486 487; 472 473 474 471; 469 470; 478 479; 475 476 477; 458 459; 456 457; 452 453 454 455; 432 433 434 435; 428 429 430; 420 421 422 423; 424 425 426 427; 409 410 411 412 413; 376 377 373 374 375; 386 387 388; 384 385; 368 369 370 371 372; 356 357 358; 353 354; 352 350 351; 328 329; 345 346 347 348; 325 327; 320 321 317 318 319; 322 323; 312 313 314; 299 300; 304 302 303; 296 297; 292 293; 288 285 286 287; 272 273 274 271; 265 266 267; 264 261 262 263; 268 269; 250 251 252 253; 248 249 246 247; 242 243 244 245; 224 225 226; 211 212 213 214 215; 220 221 222; 216 217 218 219; 208 210 207; 186 187 188; 202 203 204 205 206; 180 181 182; 170 171 172; 184 185 183; 168 169 166 167; 152 153 154; 162 163 164; 150 151; 139 140 141 142; 128 129 130; 101 102; 96 97 95; 113 114 115 116 117; 83 84; 85 86 87; 81 82; 93 94; 89 90 91 92; 76 77 78; 72 73 74 71; 48 49 50 51 52; 59 60 61 62 63; 45 46; 33 34 35; 28 29 30 31; 24 25 26 27; 22 23; 8 9 10 11 12; 2 3 4 5; 6 7; 0 1
None
None
None
None
9223372036854775807       None
None
None
None
None
None
None
None
None
None
9223372036854775807       None
None
196       0 5 6 7 8; 16 2 13 14 15; 1 9 10 11 12; 17 18 19 20 3; 24 4 21 22 23; 25 30 31 32 33; 40 41 27 38 39; 26 34 35 36 37; 42 43 44 45 28; 48 49 29 46 47; 50 55 56 57 58; 64 65 66 52 63; 51 59 60 61 62; 67 68 69 70 53; 72 73 74 54 71; 75 76 77 78 79; 100 105 106 107 108; 113 114 115 116 102; 119 120 103 117 118; 111 112 101 109 110; 104 121 122 123 124; 128 142 143 144 145; 130 131 132 133 125; 129 146 147 148 149; 135 136 137 126 134; 138 139 140 141 127; 150 151 152 153 154; 175 176 177 178 179; 200 201 202 203 204; 225 230 231 232 233; 240 241 227 238 239; 226 234 235 236 237; 248 249 229 246 247; 242 243 244 245 228; 256 257 258 250 255; 259 260 261 262 251; 263 264 265 266 252; 267 268 269 270 253; 271 272 273 274 254; 275 280 281 282 283; 288 289 290 291 277; 287 276 284 285 286; 295 278 292 293 294; 296 297 298 299 279; 300 301 302 303 304; 325 330 331 332 333; 338 339 340 341 327; 328 342 343 344 345; 335 336 337 326 334; 329 346 347 348 349; 350 355 356 357 358; 352 363 364 365 366; 359 360 361 362 351; 368 369 370 353 367; 354 371 372 373 374; 384 385 386 387 376; 388 389 390 391 377; 392 393 394 395 378; 396 397 398 399 379; 375 380 381 382 383; 487 476 484 485 486; 450 455 456 457 458; 472 473 474 454 471; 495 478 492 493 494
202       None
None
None
None
0       0 1 2
None
None
None
None
9223372036854775807       None
None
9223372036854775807       None
265       108 404 70 349; 218 100 484 54; 264 332 147 276; 50 354 434 298; 225 336 439 122; 175 46 173 310; 464 207 438; 65 322 319 386; 273 155 334 375; 474 172 271; 368 73 154 33; 304 372 110 190; 85 133 45; 192 135 113 148; 344 257 117 425; 391 325 235 15; 98 197 124 444; 48 359 345 282; 121 19 181 55; 265 125 374 211; 488 71 22 116; 490 179 270 295; 186 149 301 259; 120 314 156 169; 256 433 393 412; 49 428 21; 128 212 473 389; 248 215 469; 31 403 463; 358 170 426 478; 217 289 101 251; 176 1 315 401; 456 224 423 185; 481 266 196; 328 491 252 89; 91 339 118; 40 165 431 134; 64 166 485 285; 245 141 461 365; 479 143 226; 363 95 397; 411 62 420; 178 27 267 86; 87 355 327 385; 209 63 410 18; 312 93 102 244; 320 187 228 487; 232 305 341 220; 449 343 324 14; 53 182 183; 452 150 189 263; 240 486 23 74; 331 139 470 237; 392 191 47 2; 440 361 92; 424 29 351 476; 290 274 58 286; 200 145 348 460; 193 99 174 77; 296 253 238 83; 107 4 109; 480 394 492 402; 255 233 250 79
None
9223372036854775807       None
None
106       74 22; 8 66 17
None
6       None
2       None
9223372036854775807       None
None
9223372036854775807       None
None
None
None
